2.619999999999999929e+01 1.319999999999999929e+01 1.989999999999999858e+01 1.219999999999999929e+01 1.619999999999999929e+01 1.219999999999999929e+01 1.180000000000000071e+01 1.159999999999999964e+01 2.000000000000000000e+01 1.209999999999999964e+01 1.369999999999999929e+01 1.240000000000000036e+01
9.470000000000000284e+01 2.780000000000000071e+01 2.219999999999999929e+01 2.110000000000000142e+01 2.219999999999999929e+01 2.110000000000000142e+01 2.219999999999999929e+01 2.219999999999999929e+01 2.219999999999999929e+01 2.219999999999999929e+01 2.219999999999999929e+01 2.630000000000000071e+01
1.000000000000000000e+02 2.630000000000000071e+01 2.780000000000000071e+01 2.219999999999999929e+01 2.219999999999999929e+01 2.219999999999999929e+01 2.110000000000000142e+01 2.219999999999999929e+01 2.110000000000000142e+01 2.219999999999999929e+01 2.219999999999999929e+01 2.219999999999999929e+01
1.000000000000000000e+02 2.219999999999999929e+01 2.219999999999999929e+01 2.219999999999999929e+01 2.780000000000000071e+01 2.219999999999999929e+01 2.350000000000000000e+01 2.219999999999999929e+01 2.350000000000000000e+01 2.219999999999999929e+01 2.780000000000000071e+01 2.350000000000000000e+01
1.000000000000000000e+02 2.219999999999999929e+01 2.780000000000000071e+01 2.350000000000000000e+01 2.219999999999999929e+01 2.350000000000000000e+01 2.219999999999999929e+01 2.219999999999999929e+01 2.219999999999999929e+01 2.350000000000000000e+01 2.780000000000000071e+01 2.219999999999999929e+01
1.000000000000000000e+02 2.350000000000000000e+01 2.219999999999999929e+01 2.219999999999999929e+01 2.219999999999999929e+01 2.219999999999999929e+01 2.219999999999999929e+01 2.219999999999999929e+01 2.219999999999999929e+01 2.219999999999999929e+01 2.350000000000000000e+01 2.219999999999999929e+01
9.440000000000000568e+01 2.110000000000000142e+01 2.780000000000000071e+01 2.219999999999999929e+01 2.350000000000000000e+01 2.219999999999999929e+01 2.219999999999999929e+01 2.219999999999999929e+01 2.219999999999999929e+01 2.219999999999999929e+01 2.780000000000000071e+01 2.219999999999999929e+01
1.000000000000000000e+02 2.219999999999999929e+01 2.219999999999999929e+01 2.219999999999999929e+01 2.219999999999999929e+01 2.219999999999999929e+01 2.219999999999999929e+01 2.219999999999999929e+01 2.219999999999999929e+01 2.219999999999999929e+01 2.630000000000000071e+01 2.630000000000000071e+01
1.000000000000000000e+02 2.350000000000000000e+01 2.219999999999999929e+01 2.219999999999999929e+01 2.219999999999999929e+01 2.219999999999999929e+01 2.219999999999999929e+01 2.219999999999999929e+01 2.219999999999999929e+01 2.219999999999999929e+01 2.350000000000000000e+01 2.630000000000000071e+01
1.000000000000000000e+02 2.780000000000000071e+01 2.219999999999999929e+01 2.219999999999999929e+01 2.219999999999999929e+01 2.219999999999999929e+01 2.219999999999999929e+01 2.350000000000000000e+01 2.350000000000000000e+01 2.219999999999999929e+01 2.219999999999999929e+01 2.350000000000000000e+01
1.000000000000000000e+02 2.780000000000000071e+01 2.219999999999999929e+01 1.760000000000000142e+01 2.219999999999999929e+01 2.219999999999999929e+01 2.219999999999999929e+01 2.110000000000000142e+01 2.219999999999999929e+01 2.219999999999999929e+01 2.219999999999999929e+01 1.760000000000000142e+01
9.440000000000000568e+01 2.350000000000000000e+01 2.350000000000000000e+01 2.219999999999999929e+01 2.219999999999999929e+01 2.219999999999999929e+01 2.219999999999999929e+01 2.219999999999999929e+01 2.780000000000000071e+01 2.219999999999999929e+01 2.219999999999999929e+01 2.110000000000000142e+01
1.000000000000000000e+02 2.630000000000000071e+01 2.219999999999999929e+01 2.219999999999999929e+01 2.780000000000000071e+01 2.219999999999999929e+01 2.630000000000000071e+01 2.350000000000000000e+01 2.219999999999999929e+01 2.219999999999999929e+01 2.219999999999999929e+01 2.219999999999999929e+01
1.000000000000000000e+02 2.219999999999999929e+01 2.630000000000000071e+01 2.219999999999999929e+01 2.350000000000000000e+01 2.219999999999999929e+01 2.350000000000000000e+01 2.219999999999999929e+01 2.219999999999999929e+01 2.219999999999999929e+01 2.350000000000000000e+01 2.350000000000000000e+01
1.000000000000000000e+02 2.219999999999999929e+01 2.350000000000000000e+01 2.350000000000000000e+01 2.780000000000000071e+01 2.350000000000000000e+01 2.219999999999999929e+01 2.219999999999999929e+01 2.219999999999999929e+01 2.350000000000000000e+01 2.350000000000000000e+01 2.219999999999999929e+01
1.000000000000000000e+02 2.219999999999999929e+01 2.219999999999999929e+01 2.110000000000000142e+01 2.219999999999999929e+01 2.219999999999999929e+01 2.219999999999999929e+01 2.219999999999999929e+01 2.219999999999999929e+01 2.110000000000000142e+01 2.630000000000000071e+01 2.219999999999999929e+01
9.440000000000000568e+01 2.219999999999999929e+01 2.219999999999999929e+01 2.219999999999999929e+01 2.219999999999999929e+01 2.219999999999999929e+01 2.219999999999999929e+01 2.219999999999999929e+01 2.219999999999999929e+01 2.219999999999999929e+01 2.350000000000000000e+01 2.780000000000000071e+01
2.350000000000000000e+01 1.000000000000000000e+02 2.219999999999999929e+01 2.219999999999999929e+01 2.219999999999999929e+01 2.219999999999999929e+01 2.219999999999999929e+01 2.219999999999999929e+01 2.219999999999999929e+01 2.219999999999999929e+01 2.219999999999999929e+01 2.350000000000000000e+01
2.780000000000000071e+01 1.000000000000000000e+02 2.350000000000000000e+01 2.350000000000000000e+01 2.219999999999999929e+01 2.219999999999999929e+01 2.219999999999999929e+01 2.219999999999999929e+01 2.219999999999999929e+01 2.350000000000000000e+01 2.219999999999999929e+01 2.219999999999999929e+01
2.780000000000000071e+01 1.000000000000000000e+02 2.219999999999999929e+01 2.219999999999999929e+01 2.219999999999999929e+01 2.630000000000000071e+01 2.219999999999999929e+01 2.219999999999999929e+01 2.219999999999999929e+01 2.219999999999999929e+01 2.350000000000000000e+01 2.350000000000000000e+01
2.780000000000000071e+01 1.000000000000000000e+02 2.219999999999999929e+01 2.219999999999999929e+01 2.219999999999999929e+01 2.219999999999999929e+01 2.219999999999999929e+01 2.219999999999999929e+01 2.219999999999999929e+01 2.219999999999999929e+01 2.110000000000000142e+01 2.630000000000000071e+01
2.219999999999999929e+01 9.470000000000000284e+01 2.630000000000000071e+01 2.219999999999999929e+01 2.219999999999999929e+01 2.219999999999999929e+01 2.219999999999999929e+01 2.219999999999999929e+01 2.219999999999999929e+01 1.760000000000000142e+01 2.219999999999999929e+01 2.219999999999999929e+01
2.350000000000000000e+01 1.000000000000000000e+02 1.760000000000000142e+01 2.219999999999999929e+01 2.219999999999999929e+01 2.219999999999999929e+01 2.219999999999999929e+01 2.350000000000000000e+01 1.760000000000000142e+01 2.219999999999999929e+01 2.350000000000000000e+01 2.219999999999999929e+01
2.219999999999999929e+01 1.000000000000000000e+02 2.780000000000000071e+01 2.780000000000000071e+01 2.219999999999999929e+01 2.219999999999999929e+01 2.219999999999999929e+01 2.219999999999999929e+01 2.219999999999999929e+01 2.219999999999999929e+01 2.630000000000000071e+01 2.219999999999999929e+01
2.110000000000000142e+01 1.000000000000000000e+02 2.219999999999999929e+01 2.780000000000000071e+01 2.219999999999999929e+01 2.219999999999999929e+01 2.219999999999999929e+01 2.219999999999999929e+01 2.219999999999999929e+01 2.219999999999999929e+01 2.219999999999999929e+01 2.219999999999999929e+01
2.219999999999999929e+01 1.000000000000000000e+02 2.219999999999999929e+01 2.630000000000000071e+01 2.780000000000000071e+01 2.219999999999999929e+01 2.219999999999999929e+01 2.219999999999999929e+01 2.219999999999999929e+01 2.110000000000000142e+01 2.110000000000000142e+01 2.219999999999999929e+01
2.219999999999999929e+01 9.470000000000000284e+01 2.219999999999999929e+01 2.350000000000000000e+01 2.219999999999999929e+01 2.780000000000000071e+01 2.219999999999999929e+01 2.219999999999999929e+01 2.219999999999999929e+01 2.350000000000000000e+01 2.350000000000000000e+01 2.219999999999999929e+01
2.350000000000000000e+01 1.000000000000000000e+02 2.219999999999999929e+01 2.219999999999999929e+01 2.219999999999999929e+01 1.760000000000000142e+01 2.219999999999999929e+01 2.219999999999999929e+01 2.219999999999999929e+01 2.219999999999999929e+01 2.630000000000000071e+01 2.219999999999999929e+01
2.219999999999999929e+01 1.000000000000000000e+02 2.219999999999999929e+01 2.219999999999999929e+01 2.219999999999999929e+01 2.780000000000000071e+01 2.350000000000000000e+01 2.219999999999999929e+01 2.219999999999999929e+01 2.219999999999999929e+01 2.350000000000000000e+01 2.219999999999999929e+01
2.110000000000000142e+01 1.000000000000000000e+02 2.219999999999999929e+01 2.630000000000000071e+01 2.219999999999999929e+01 2.780000000000000071e+01 2.500000000000000000e+01 2.219999999999999929e+01 2.219999999999999929e+01 2.219999999999999929e+01 2.780000000000000071e+01 2.219999999999999929e+01
2.219999999999999929e+01 9.470000000000000284e+01 2.219999999999999929e+01 2.219999999999999929e+01 2.219999999999999929e+01 2.630000000000000071e+01 2.350000000000000000e+01 2.219999999999999929e+01 2.219999999999999929e+01 2.219999999999999929e+01 2.219999999999999929e+01 2.219999999999999929e+01
2.219999999999999929e+01 1.000000000000000000e+02 2.219999999999999929e+01 2.780000000000000071e+01 2.219999999999999929e+01 2.219999999999999929e+01 2.780000000000000071e+01 2.219999999999999929e+01 2.780000000000000071e+01 2.219999999999999929e+01 2.219999999999999929e+01 2.219999999999999929e+01
2.350000000000000000e+01 1.000000000000000000e+02 2.219999999999999929e+01 2.219999999999999929e+01 2.219999999999999929e+01 2.350000000000000000e+01 2.630000000000000071e+01 2.219999999999999929e+01 2.780000000000000071e+01 2.219999999999999929e+01 2.219999999999999929e+01 2.219999999999999929e+01
2.219999999999999929e+01 1.000000000000000000e+02 2.350000000000000000e+01 2.219999999999999929e+01 2.350000000000000000e+01 2.219999999999999929e+01 2.350000000000000000e+01 2.219999999999999929e+01 2.350000000000000000e+01 2.780000000000000071e+01 2.350000000000000000e+01 2.219999999999999929e+01
2.219999999999999929e+01 1.000000000000000000e+02 2.110000000000000142e+01 2.219999999999999929e+01 2.110000000000000142e+01 2.219999999999999929e+01 2.780000000000000071e+01 2.219999999999999929e+01 2.780000000000000071e+01 2.219999999999999929e+01 2.219999999999999929e+01 2.219999999999999929e+01
2.219999999999999929e+01 1.000000000000000000e+02 2.350000000000000000e+01 2.219999999999999929e+01 2.219999999999999929e+01 2.219999999999999929e+01 2.219999999999999929e+01 2.219999999999999929e+01 2.630000000000000071e+01 2.219999999999999929e+01 2.110000000000000142e+01 2.219999999999999929e+01
2.219999999999999929e+01 1.000000000000000000e+02 2.219999999999999929e+01 2.219999999999999929e+01 2.219999999999999929e+01 2.219999999999999929e+01 2.219999999999999929e+01 2.219999999999999929e+01 2.350000000000000000e+01 2.219999999999999929e+01 2.780000000000000071e+01 2.219999999999999929e+01
2.219999999999999929e+01 1.000000000000000000e+02 2.219999999999999929e+01 2.350000000000000000e+01 2.350000000000000000e+01 2.219999999999999929e+01 2.219999999999999929e+01 2.219999999999999929e+01 3.160000000000000142e+01 2.219999999999999929e+01 2.219999999999999929e+01 2.350000000000000000e+01
2.219999999999999929e+01 9.470000000000000284e+01 2.219999999999999929e+01 2.219999999999999929e+01 2.219999999999999929e+01 2.219999999999999929e+01 2.219999999999999929e+01 2.219999999999999929e+01 2.219999999999999929e+01 2.350000000000000000e+01 2.219999999999999929e+01 2.219999999999999929e+01
2.630000000000000071e+01 1.000000000000000000e+02 2.630000000000000071e+01 2.110000000000000142e+01 2.219999999999999929e+01 2.219999999999999929e+01 2.219999999999999929e+01 2.219999999999999929e+01 2.630000000000000071e+01 2.219999999999999929e+01 2.630000000000000071e+01 2.219999999999999929e+01
2.780000000000000071e+01 1.000000000000000000e+02 2.219999999999999929e+01 2.630000000000000071e+01 2.219999999999999929e+01 2.219999999999999929e+01 2.630000000000000071e+01 2.219999999999999929e+01 2.219999999999999929e+01 2.219999999999999929e+01 2.219999999999999929e+01 2.219999999999999929e+01
2.219999999999999929e+01 1.000000000000000000e+02 2.350000000000000000e+01 2.350000000000000000e+01 2.219999999999999929e+01 2.350000000000000000e+01 2.219999999999999929e+01 2.219999999999999929e+01 2.219999999999999929e+01 2.219999999999999929e+01 2.219999999999999929e+01 2.219999999999999929e+01
2.939999999999999858e+01 1.000000000000000000e+02 2.630000000000000071e+01 2.219999999999999929e+01 2.219999999999999929e+01 2.219999999999999929e+01 2.219999999999999929e+01 2.350000000000000000e+01 2.350000000000000000e+01 2.219999999999999929e+01 2.350000000000000000e+01 2.219999999999999929e+01
2.630000000000000071e+01 9.470000000000000284e+01 2.219999999999999929e+01 2.350000000000000000e+01 2.219999999999999929e+01 2.219999999999999929e+01 2.219999999999999929e+01 2.110000000000000142e+01 2.219999999999999929e+01 2.219999999999999929e+01 2.219999999999999929e+01 2.219999999999999929e+01
2.350000000000000000e+01 1.000000000000000000e+02 2.780000000000000071e+01 2.110000000000000142e+01 2.219999999999999929e+01 2.110000000000000142e+01 2.219999999999999929e+01 2.219999999999999929e+01 2.110000000000000142e+01 2.219999999999999929e+01 2.110000000000000142e+01 2.219999999999999929e+01
2.219999999999999929e+01 1.000000000000000000e+02 2.350000000000000000e+01 2.780000000000000071e+01 2.219999999999999929e+01 2.350000000000000000e+01 2.219999999999999929e+01 2.219999999999999929e+01 2.350000000000000000e+01 2.219999999999999929e+01 2.350000000000000000e+01 2.219999999999999929e+01
2.219999999999999929e+01 1.000000000000000000e+02 2.219999999999999929e+01 2.350000000000000000e+01 1.760000000000000142e+01 2.219999999999999929e+01 2.219999999999999929e+01 2.219999999999999929e+01 1.760000000000000142e+01 2.219999999999999929e+01 1.760000000000000142e+01 2.630000000000000071e+01
2.350000000000000000e+01 1.000000000000000000e+02 2.350000000000000000e+01 2.780000000000000071e+01 2.219999999999999929e+01 2.219999999999999929e+01 2.350000000000000000e+01 2.350000000000000000e+01 2.219999999999999929e+01 2.219999999999999929e+01 2.219999999999999929e+01 2.350000000000000000e+01
1.669999999999999929e+01 9.470000000000000284e+01 2.219999999999999929e+01 2.219999999999999929e+01 2.219999999999999929e+01 2.219999999999999929e+01 2.110000000000000142e+01 1.669999999999999929e+01 2.219999999999999929e+01 2.219999999999999929e+01 3.160000000000000142e+01 2.219999999999999929e+01
2.780000000000000071e+01 1.000000000000000000e+02 2.219999999999999929e+01 2.219999999999999929e+01 2.219999999999999929e+01 2.219999999999999929e+01 2.350000000000000000e+01 2.219999999999999929e+01 2.219999999999999929e+01 2.219999999999999929e+01 2.630000000000000071e+01 2.219999999999999929e+01
2.219999999999999929e+01 1.000000000000000000e+02 2.350000000000000000e+01 2.350000000000000000e+01 2.219999999999999929e+01 2.219999999999999929e+01 2.219999999999999929e+01 2.350000000000000000e+01 2.219999999999999929e+01 2.219999999999999929e+01 2.219999999999999929e+01 2.219999999999999929e+01
2.939999999999999858e+01 1.000000000000000000e+02 2.219999999999999929e+01 2.780000000000000071e+01 2.219999999999999929e+01 2.219999999999999929e+01 2.219999999999999929e+01 2.219999999999999929e+01 2.219999999999999929e+01 2.219999999999999929e+01 2.350000000000000000e+01 2.219999999999999929e+01
2.630000000000000071e+01 1.000000000000000000e+02 2.219999999999999929e+01 2.219999999999999929e+01 2.219999999999999929e+01 2.219999999999999929e+01 2.219999999999999929e+01 2.219999999999999929e+01 2.219999999999999929e+01 2.219999999999999929e+01 2.219999999999999929e+01 2.219999999999999929e+01
2.780000000000000071e+01 9.440000000000000568e+01 3.000000000000000000e+01 2.219999999999999929e+01 2.219999999999999929e+01 2.219999999999999929e+01 2.219999999999999929e+01 2.110000000000000142e+01 2.219999999999999929e+01 2.219999999999999929e+01 2.219999999999999929e+01 2.219999999999999929e+01
2.219999999999999929e+01 1.000000000000000000e+02 2.350000000000000000e+01 2.630000000000000071e+01 2.219999999999999929e+01 2.219999999999999929e+01 2.219999999999999929e+01 2.219999999999999929e+01 2.219999999999999929e+01 2.219999999999999929e+01 2.219999999999999929e+01 2.219999999999999929e+01
2.219999999999999929e+01 1.000000000000000000e+02 2.219999999999999929e+01 1.869999999999999929e+01 2.630000000000000071e+01 2.219999999999999929e+01 2.219999999999999929e+01 2.219999999999999929e+01 2.219999999999999929e+01 2.219999999999999929e+01 2.219999999999999929e+01 2.219999999999999929e+01
2.219999999999999929e+01 1.000000000000000000e+02 2.219999999999999929e+01 2.780000000000000071e+01 2.780000000000000071e+01 2.219999999999999929e+01 2.219999999999999929e+01 2.350000000000000000e+01 2.219999999999999929e+01 2.219999999999999929e+01 1.760000000000000142e+01 2.219999999999999929e+01
2.219999999999999929e+01 9.440000000000000568e+01 2.219999999999999929e+01 2.780000000000000071e+01 2.219999999999999929e+01 2.219999999999999929e+01 2.219999999999999929e+01 2.110000000000000142e+01 2.219999999999999929e+01 2.219999999999999929e+01 2.219999999999999929e+01 2.219999999999999929e+01
2.219999999999999929e+01 1.000000000000000000e+02 2.219999999999999929e+01 2.219999999999999929e+01 2.780000000000000071e+01 2.219999999999999929e+01 2.219999999999999929e+01 2.219999999999999929e+01 2.219999999999999929e+01 2.219999999999999929e+01 2.219999999999999929e+01 2.219999999999999929e+01
2.219999999999999929e+01 1.000000000000000000e+02 2.219999999999999929e+01 2.219999999999999929e+01 2.219999999999999929e+01 2.780000000000000071e+01 2.219999999999999929e+01 2.350000000000000000e+01 2.219999999999999929e+01 2.219999999999999929e+01 2.219999999999999929e+01 2.219999999999999929e+01
2.219999999999999929e+01 1.000000000000000000e+02 2.219999999999999929e+01 2.350000000000000000e+01 2.350000000000000000e+01 2.780000000000000071e+01 2.780000000000000071e+01 2.219999999999999929e+01 2.219999999999999929e+01 2.219999999999999929e+01 2.350000000000000000e+01 2.219999999999999929e+01
2.350000000000000000e+01 1.000000000000000000e+02 2.219999999999999929e+01 2.219999999999999929e+01 2.219999999999999929e+01 2.780000000000000071e+01 2.219999999999999929e+01 2.219999999999999929e+01 2.219999999999999929e+01 2.350000000000000000e+01 2.219999999999999929e+01 2.219999999999999929e+01
2.110000000000000142e+01 1.000000000000000000e+02 2.219999999999999929e+01 2.219999999999999929e+01 2.219999999999999929e+01 2.780000000000000071e+01 2.780000000000000071e+01 2.219999999999999929e+01 2.219999999999999929e+01 2.110000000000000142e+01 2.219999999999999929e+01 2.219999999999999929e+01
2.219999999999999929e+01 9.470000000000000284e+01 2.219999999999999929e+01 2.219999999999999929e+01 2.110000000000000142e+01 2.350000000000000000e+01 2.219999999999999929e+01 2.219999999999999929e+01 2.219999999999999929e+01 2.219999999999999929e+01 2.219999999999999929e+01 2.780000000000000071e+01
2.219999999999999929e+01 1.000000000000000000e+02 2.219999999999999929e+01 2.219999999999999929e+01 2.350000000000000000e+01 2.630000000000000071e+01 2.350000000000000000e+01 2.219999999999999929e+01 2.219999999999999929e+01 2.219999999999999929e+01 2.219999999999999929e+01 2.219999999999999929e+01
2.350000000000000000e+01 1.000000000000000000e+02 2.219999999999999929e+01 2.219999999999999929e+01 2.219999999999999929e+01 2.780000000000000071e+01 2.219999999999999929e+01 2.780000000000000071e+01 2.219999999999999929e+01 2.219999999999999929e+01 2.219999999999999929e+01 2.219999999999999929e+01
2.219999999999999929e+01 1.000000000000000000e+02 2.219999999999999929e+01 2.219999999999999929e+01 2.219999999999999929e+01 2.780000000000000071e+01 2.630000000000000071e+01 2.219999999999999929e+01 2.219999999999999929e+01 2.219999999999999929e+01 2.219999999999999929e+01 2.219999999999999929e+01
2.110000000000000142e+01 1.000000000000000000e+02 2.219999999999999929e+01 2.219999999999999929e+01 2.110000000000000142e+01 2.110000000000000142e+01 2.350000000000000000e+01 3.160000000000000142e+01 2.219999999999999929e+01 2.219999999999999929e+01 2.219999999999999929e+01 2.110000000000000142e+01
2.219999999999999929e+01 1.000000000000000000e+02 2.219999999999999929e+01 2.110000000000000142e+01 2.219999999999999929e+01 2.219999999999999929e+01 2.630000000000000071e+01 2.219999999999999929e+01 2.219999999999999929e+01 2.219999999999999929e+01 2.219999999999999929e+01 2.219999999999999929e+01
2.350000000000000000e+01 1.000000000000000000e+02 2.219999999999999929e+01 2.350000000000000000e+01 2.219999999999999929e+01 2.219999999999999929e+01 2.350000000000000000e+01 2.219999999999999929e+01 2.780000000000000071e+01 2.219999999999999929e+01 2.219999999999999929e+01 2.219999999999999929e+01
2.219999999999999929e+01 1.000000000000000000e+02 2.219999999999999929e+01 2.219999999999999929e+01 2.219999999999999929e+01 2.219999999999999929e+01 2.219999999999999929e+01 2.219999999999999929e+01 2.350000000000000000e+01 2.350000000000000000e+01 2.219999999999999929e+01 2.350000000000000000e+01
2.219999999999999929e+01 1.000000000000000000e+02 2.219999999999999929e+01 2.219999999999999929e+01 2.219999999999999929e+01 2.350000000000000000e+01 2.350000000000000000e+01 2.219999999999999929e+01 2.780000000000000071e+01 2.630000000000000071e+01 2.219999999999999929e+01 2.219999999999999929e+01
2.219999999999999929e+01 9.470000000000000284e+01 2.219999999999999929e+01 2.219999999999999929e+01 2.219999999999999929e+01 2.110000000000000142e+01 2.110000000000000142e+01 2.219999999999999929e+01 3.000000000000000000e+01 2.780000000000000071e+01 2.219999999999999929e+01 2.219999999999999929e+01
2.219999999999999929e+01 1.000000000000000000e+02 2.630000000000000071e+01 2.219999999999999929e+01 2.219999999999999929e+01 2.219999999999999929e+01 2.219999999999999929e+01 2.219999999999999929e+01 2.219999999999999929e+01 2.630000000000000071e+01 2.630000000000000071e+01 2.110000000000000142e+01
2.219999999999999929e+01 1.000000000000000000e+02 2.219999999999999929e+01 2.219999999999999929e+01 2.219999999999999929e+01 2.219999999999999929e+01 2.219999999999999929e+01 2.219999999999999929e+01 2.350000000000000000e+01 2.350000000000000000e+01 2.780000000000000071e+01 2.350000000000000000e+01
2.219999999999999929e+01 1.000000000000000000e+02 2.350000000000000000e+01 2.219999999999999929e+01 2.350000000000000000e+01 2.350000000000000000e+01 2.219999999999999929e+01 2.219999999999999929e+01 2.219999999999999929e+01 2.219999999999999929e+01 2.780000000000000071e+01 2.219999999999999929e+01
2.219999999999999929e+01 9.440000000000000568e+01 2.110000000000000142e+01 2.219999999999999929e+01 2.110000000000000142e+01 2.110000000000000142e+01 2.219999999999999929e+01 2.219999999999999929e+01 2.630000000000000071e+01 2.219999999999999929e+01 2.780000000000000071e+01 2.219999999999999929e+01
2.219999999999999929e+01 1.000000000000000000e+02 2.219999999999999929e+01 2.219999999999999929e+01 2.219999999999999929e+01 2.219999999999999929e+01 2.219999999999999929e+01 2.219999999999999929e+01 2.219999999999999929e+01 2.110000000000000142e+01 2.630000000000000071e+01 2.219999999999999929e+01
2.350000000000000000e+01 1.000000000000000000e+02 2.350000000000000000e+01 2.219999999999999929e+01 2.219999999999999929e+01 2.219999999999999929e+01 2.219999999999999929e+01 2.219999999999999929e+01 2.219999999999999929e+01 2.350000000000000000e+01 2.219999999999999929e+01 2.350000000000000000e+01
2.780000000000000071e+01 1.000000000000000000e+02 2.219999999999999929e+01 2.219999999999999929e+01 2.350000000000000000e+01 2.350000000000000000e+01 2.350000000000000000e+01 2.219999999999999929e+01 2.350000000000000000e+01 2.219999999999999929e+01 2.350000000000000000e+01 2.780000000000000071e+01
2.780000000000000071e+01 1.000000000000000000e+02 2.219999999999999929e+01 2.219999999999999929e+01 2.219999999999999929e+01 2.219999999999999929e+01 2.219999999999999929e+01 2.219999999999999929e+01 2.219999999999999929e+01 2.219999999999999929e+01 2.219999999999999929e+01 2.350000000000000000e+01
3.160000000000000142e+01 9.440000000000000568e+01 2.219999999999999929e+01 2.630000000000000071e+01 2.219999999999999929e+01 2.219999999999999929e+01 2.110000000000000142e+01 2.219999999999999929e+01 2.219999999999999929e+01 2.500000000000000000e+01 2.219999999999999929e+01 2.219999999999999929e+01
2.219999999999999929e+01 1.000000000000000000e+02 2.219999999999999929e+01 2.219999999999999929e+01 2.219999999999999929e+01 2.219999999999999929e+01 2.219999999999999929e+01 2.219999999999999929e+01 2.110000000000000142e+01 2.219999999999999929e+01 2.219999999999999929e+01 2.219999999999999929e+01
2.350000000000000000e+01 1.000000000000000000e+02 2.350000000000000000e+01 2.350000000000000000e+01 2.219999999999999929e+01 2.219999999999999929e+01 2.219999999999999929e+01 2.219999999999999929e+01 2.350000000000000000e+01 2.219999999999999929e+01 2.780000000000000071e+01 2.219999999999999929e+01
2.780000000000000071e+01 1.000000000000000000e+02 2.219999999999999929e+01 2.219999999999999929e+01 2.219999999999999929e+01 2.219999999999999929e+01 2.219999999999999929e+01 2.219999999999999929e+01 2.219999999999999929e+01 2.350000000000000000e+01 3.329999999999999716e+01 2.780000000000000071e+01
2.780000000000000071e+01 1.000000000000000000e+02 2.219999999999999929e+01 2.219999999999999929e+01 2.219999999999999929e+01 2.219999999999999929e+01 2.219999999999999929e+01 2.219999999999999929e+01 2.219999999999999929e+01 2.219999999999999929e+01 2.219999999999999929e+01 2.219999999999999929e+01
2.219999999999999929e+01 9.440000000000000568e+01 2.630000000000000071e+01 2.219999999999999929e+01 2.219999999999999929e+01 2.219999999999999929e+01 2.219999999999999929e+01 2.219999999999999929e+01 2.219999999999999929e+01 2.219999999999999929e+01 2.219999999999999929e+01 2.219999999999999929e+01
2.630000000000000071e+01 1.000000000000000000e+02 2.219999999999999929e+01 2.219999999999999929e+01 2.219999999999999929e+01 2.219999999999999929e+01 2.219999999999999929e+01 2.219999999999999929e+01 2.219999999999999929e+01 2.219999999999999929e+01 2.350000000000000000e+01 2.219999999999999929e+01
2.350000000000000000e+01 1.000000000000000000e+02 2.350000000000000000e+01 2.219999999999999929e+01 2.350000000000000000e+01 2.219999999999999929e+01 2.350000000000000000e+01 2.350000000000000000e+01 2.219999999999999929e+01 2.219999999999999929e+01 2.219999999999999929e+01 2.780000000000000071e+01
2.350000000000000000e+01 1.000000000000000000e+02 2.219999999999999929e+01 2.219999999999999929e+01 2.219999999999999929e+01 2.350000000000000000e+01 2.219999999999999929e+01 2.219999999999999929e+01 2.219999999999999929e+01 2.219999999999999929e+01 2.219999999999999929e+01 2.939999999999999858e+01
2.219999999999999929e+01 1.000000000000000000e+02 2.780000000000000071e+01 2.219999999999999929e+01 2.219999999999999929e+01 2.110000000000000142e+01 2.219999999999999929e+01 2.219999999999999929e+01 2.219999999999999929e+01 2.219999999999999929e+01 2.219999999999999929e+01 2.630000000000000071e+01
2.780000000000000071e+01 1.000000000000000000e+02 2.219999999999999929e+01 2.110000000000000142e+01 2.110000000000000142e+01 2.219999999999999929e+01 2.110000000000000142e+01 2.110000000000000142e+01 2.219999999999999929e+01 2.219999999999999929e+01 2.219999999999999929e+01 2.219999999999999929e+01
2.219999999999999929e+01 1.000000000000000000e+02 2.219999999999999929e+01 2.350000000000000000e+01 2.350000000000000000e+01 2.219999999999999929e+01 2.350000000000000000e+01 2.350000000000000000e+01 2.219999999999999929e+01 2.219999999999999929e+01 2.350000000000000000e+01 2.350000000000000000e+01
2.219999999999999929e+01 1.000000000000000000e+02 2.780000000000000071e+01 2.219999999999999929e+01 2.219999999999999929e+01 2.350000000000000000e+01 2.219999999999999929e+01 2.219999999999999929e+01 2.219999999999999929e+01 2.219999999999999929e+01 2.780000000000000071e+01 2.219999999999999929e+01
2.780000000000000071e+01 1.000000000000000000e+02 2.219999999999999929e+01 2.219999999999999929e+01 2.219999999999999929e+01 2.219999999999999929e+01 2.219999999999999929e+01 2.219999999999999929e+01 2.350000000000000000e+01 2.219999999999999929e+01 2.780000000000000071e+01 2.219999999999999929e+01
2.630000000000000071e+01 9.470000000000000284e+01 2.219999999999999929e+01 2.219999999999999929e+01 2.219999999999999929e+01 2.219999999999999929e+01 2.219999999999999929e+01 2.219999999999999929e+01 2.110000000000000142e+01 2.219999999999999929e+01 2.350000000000000000e+01 2.219999999999999929e+01
2.350000000000000000e+01 1.000000000000000000e+02 2.219999999999999929e+01 2.219999999999999929e+01 2.219999999999999929e+01 2.219999999999999929e+01 2.219999999999999929e+01 2.219999999999999929e+01 2.219999999999999929e+01 2.219999999999999929e+01 2.780000000000000071e+01 2.219999999999999929e+01
2.350000000000000000e+01 1.000000000000000000e+02 2.219999999999999929e+01 2.219999999999999929e+01 2.219999999999999929e+01 2.219999999999999929e+01 2.219999999999999929e+01 2.219999999999999929e+01 2.350000000000000000e+01 2.219999999999999929e+01 2.219999999999999929e+01 2.219999999999999929e+01
2.780000000000000071e+01 1.000000000000000000e+02 2.350000000000000000e+01 2.219999999999999929e+01 2.219999999999999929e+01 2.219999999999999929e+01 2.350000000000000000e+01 2.219999999999999929e+01 2.219999999999999929e+01 2.350000000000000000e+01 2.630000000000000071e+01 2.350000000000000000e+01
2.630000000000000071e+01 9.440000000000000568e+01 2.219999999999999929e+01 2.219999999999999929e+01 2.219999999999999929e+01 2.219999999999999929e+01 2.110000000000000142e+01 2.219999999999999929e+01 2.219999999999999929e+01 2.110000000000000142e+01 2.780000000000000071e+01 2.110000000000000142e+01
