5.146950919424853055e-01
5.669077180816279871e-01
6.394971938614596452e-01
7.233069206825522013e-01
8.359099372922674798e-01
9.585303377870069141e-01
1.147397104396778333e+00
1.574464509306264803e+00
2.493744239618499670e+00
2.581945085089708769e+00
1.644574329507702659e+00
1.288291166127589316e+00
1.075412916733996971e+00
9.210412926334061723e-01
8.057140319293922825e-01
7.004198920846566034e-01
6.053300748499164108e-01
5.307707272938015919e-01
4.620145256806519884e-01
4.006233985732410297e-01
3.416491142138133319e-01
2.880687083727826447e-01
2.429069999704563942e-01
1.957637694534161976e-01
1.594165503398485284e-01
1.228964241784039485e-01
9.341050999565825297e-02
