5.225093057319730727e-01
5.745636672574503390e-01
6.413009008813110867e-01
7.213985583782723809e-01
8.279886216009014754e-01
9.536803360335776025e-01
1.174130111657375242e+00
1.548467825140539267e+00
3.079544086372048461e+00
2.569148841052984800e+00
1.625898623903448525e+00
1.270203584940744479e+00
1.091228718293272726e+00
9.197288515585263502e-01
8.085441141762412798e-01
6.979176876470054580e-01
6.088970945837182125e-01
5.269734267336642075e-01
4.613334566405246084e-01
3.980905978714938676e-01
3.388324275022246423e-01
2.886814037637376873e-01
2.398416025297629428e-01
1.953518427257290024e-01
1.584407721599274677e-01
1.235612329335951109e-01
9.320249888548261252e-02
