5.138247301035836490e-01
5.735201700767788013e-01
6.368362712015848137e-01
7.194206754671607085e-01
8.297335724553178693e-01
9.645707073600194859e-01
1.163059941622451410e+00
1.491702956355667631e+00
3.126112926340421261e+00
3.081378401618662721e+00
1.649015792161342420e+00
1.278665400470857971e+00
1.076965368078865559e+00
9.235437109156805491e-01
7.992159735709228885e-01
7.005824850356976441e-01
6.117681962188994405e-01
5.270343569636243286e-01
4.564099495040314092e-01
3.921840376169732356e-01
3.396522812330253216e-01
2.847940949918738585e-01
2.383960033455090888e-01
1.977329603444280548e-01
1.588410185863911861e-01
1.242465197610374966e-01
9.262109184605936407e-02
