5.162125527710500483e-01
5.743431622743038201e-01
6.420241805351403208e-01
7.124135396031462397e-01
8.220496120339468860e-01
9.558921181351937024e-01
1.162071825261561164e+00
1.677804571684658796e+00
2.112974530169828835e+00
2.234335334573116061e+00
1.661207651497053961e+00
1.333594898726726985e+00
1.086674282049139295e+00
9.406038414039012974e-01
7.966667474227768775e-01
6.975780297398097574e-01
6.084428454618278082e-01
5.284936343883291920e-01
4.641644092702021940e-01
3.994773303059299674e-01
3.367593828126972944e-01
2.884182582677554119e-01
2.399419949374898275e-01
1.948912887676573225e-01
1.579374772065657850e-01
1.236526955137453726e-01
9.355931498027682258e-02
