-9.081422900390625497e-01
-9.476073486328125961e-01
-9.903304565429688067e-01
-1.037335939941406382e+00
-1.088946596679687628e+00
-1.146876606445312641e+00
-1.213556704101562689e+00
-1.295138076171875152e+00
-1.418476081542968892e+00
-1.419837587890625086e+00
-1.507427194824218830e+00
-1.572385883789062522e+00
-1.626815419921875172e+00
-1.674618303222656479e+00
-1.717495659179687717e+00
-1.756095334472656422e+00
-1.791029008789062571e+00
-1.822390412597656439e+00
-1.850843715820312596e+00
-1.876274626464843998e+00
-1.898874921875000066e+00
-1.918926274414062716e+00
-1.936292529296875120e+00
-1.951232517089843910e+00
-1.963766818847656470e+00
-1.974093037109375226e+00
-1.982296240234375118e+00
