-9.081975549316406715e-01
-9.474931805419922748e-01
-9.902960516357423026e-01
-1.036972760620117340e+00
-1.088749456787109438e+00
-1.146727553100586050e+00
-1.213753648681640707e+00
-1.294713562622070491e+00
-1.410500988769531450e+00
-1.420509908447265657e+00
-1.507132231445312609e+00
-1.572191294555664198e+00
-1.626920444335937743e+00
-1.674735947265625136e+00
-1.717588110351562669e+00
-1.756095081176757944e+00
-1.790977191162109516e+00
-1.822419709472656413e+00
-1.850828436889648598e+00
-1.876263601074218856e+00
-1.898890092163086019e+00
-1.918873919067382916e+00
-1.936285783691406470e+00
-1.951225925292968899e+00
-1.963792149047851820e+00
-1.974085810546875264e+00
-1.982305312500000083e+00
