-9.081603343200684852e-01
-9.475275636291504711e-01
-9.903167831420899292e-01
-1.037104178009033317e+00
-1.088740732574462911e+00
-1.146803431091308667e+00
-1.213689002532959194e+00
-1.294441598663330195e+00
-1.416343877258300799e+00
-1.417370508117675953e+00
-1.507421356964111503e+00
-1.572168983459472758e+00
-1.626854777832031473e+00
-1.674808349456787138e+00
-1.717612958984375160e+00
-1.756135061187744206e+00
-1.790949355010986510e+00
-1.822444594421386954e+00
-1.850803494873046962e+00
-1.876254735412597796e+00
-1.898886861724853770e+00
-1.918867663269043122e+00
-1.936274948730468903e+00
-1.951222202453613441e+00
-1.963775022583007956e+00
-1.974085444488525631e+00
-1.982306681671142767e+00
