-9.080450000000001021e-01
-9.476101757812500637e-01
-9.902932910156251323e-01
-1.037058837890625140e+00
-1.088340488281250185e+00
-1.146525019531250189e+00
-1.214577177734375013e+00
-1.300714433593750163e+00
-1.426201523437500063e+00
-1.424200009765625108e+00
-1.506396152343750128e+00
-1.571417871093750085e+00
-1.626381445312500063e+00
-1.674561757812500051e+00
-1.717434677734375192e+00
-1.756258593750000152e+00
-1.791148525390625190e+00
-1.822520380859375067e+00
-1.850831943359375176e+00
-1.876091650390625087e+00
-1.898926787109375125e+00
-1.918830380859375184e+00
-1.936289169921875164e+00
-1.951253701171875132e+00
-1.963780009765625056e+00
-1.974066220703125207e+00
-1.982300166015625198e+00
