5.719104003906250785e-04
9.328637695312500585e-04
9.369885253906250298e-04
-1.723425292968750171e-04
-2.592552490234375367e-03
2.647541503906250277e-03
-4.284432373046874985e-03
2.415163574218750359e-03
-1.260403320312500179e-02
9.848426635742188462e-02
-7.429601000976563396e-01
-8.078961877441407369e-01
-8.473500073242188346e-01
-8.757274890136719225e-01
-8.980089575195313589e-01
-9.160222070312500353e-01
-9.309176855468750400e-01
-9.432946386718751297e-01
-9.538450976562500294e-01
-9.627611547851563367e-01
-9.703075659179688506e-01
-9.767256298828125294e-01
-9.820801892089844332e-01
-9.865360900878906714e-01
-9.901603649902344095e-01
-9.930695642089844011e-01
-9.953275158691406999e-01
