3.200314331054687788e-04
-1.370904541015625087e-04
3.278948974609375037e-04
5.756045532226563384e-04
-1.861679077148437685e-04
-1.055891113281250040e-03
-2.103145446777344128e-03
-1.520827972412109458e-02
-2.130642926025390904e-01
-5.557763299560547487e-01
-7.420167279052735099e-01
-8.072313372802735199e-01
-8.473134179687500378e-01
-8.758644976806641003e-01
-8.981376391601563203e-01
-9.160302615356445965e-01
-9.309023391723633134e-01
-9.433005596923829117e-01
-9.538397186279297113e-01
-9.627515164184571317e-01
-9.703130444335937854e-01
-9.767088546752930034e-01
-9.820795214843750509e-01
-9.865324670410157148e-01
-9.901671603393555898e-01
-9.930674578857422441e-01
-9.953294207763673240e-01
