1.641365051269531253e-05
9.308731079101562912e-05
-1.024372863769531389e-04
2.593347930908203466e-04
2.757947540283203552e-04
-2.407997894287109688e-04
-9.001338958740235209e-04
-3.030882186889648656e-03
4.813863467407226704e-01
5.135434659576416649e-01
7.424112525177002375e-01
8.074304539489747246e-01
8.472432879638672754e-01
8.759425777435303484e-01
8.981522070312500938e-01
9.160693164062501115e-01
9.308797966766357845e-01
9.433159666442871849e-01
9.538233001708985581e-01
9.627501281738282124e-01
9.703108978271485219e-01
9.767072958374024561e-01
9.820753961181641900e-01
9.865303446960449474e-01
9.901623742675782491e-01
9.930675043487550147e-01
9.953300313568116398e-01
