-9.261914062500000398e-04
3.543457031250000464e-05
-1.489467773437500205e-03
5.473144531250000443e-05
-2.941992187500000380e-03
-5.852192382812500433e-03
-1.333984375000000026e-05
-1.504983398437500196e-02
-1.222593408203125065e-01
-4.644497070312500649e-03
-7.391784179687500567e-01
-8.049505029296876168e-01
-8.468505175781250172e-01
-8.756553417968750974e-01
-8.980045605468750525e-01
-9.161710839843750787e-01
-9.310218896484375728e-01
-9.433024121093750436e-01
-9.538408398437501212e-01
-9.626783691406251009e-01
-9.703340234375000817e-01
-9.766970166015626065e-01
-9.820860595703125862e-01
-9.865381445312501052e-01
-9.901648876953126344e-01
-9.930609619140625677e-01
-9.953277392578125937e-01
