6.343288942321072099e+00
8.156593121128601354e+00
1.080312374210016557e+01
1.459037656999379706e+01
2.143840213029400488e+01
3.586713504753859638e+01
6.998857647523647074e+01
2.684180771910076260e+02
2.308387235595916536e+03
2.320442174726864778e+03
1.061716899358721733e+01
2.998806414685684096e+00
1.433310846154915552e+00
8.358258976788134342e-01
5.234618543451259320e-01
3.491996717181222176e-01
2.402545360129324792e-01
1.734730010222093055e-01
1.258917807842631909e-01
9.335857512164071059e-02
6.868547161496751929e-02
5.060922172290779203e-02
3.768843043464095016e-02
2.680720592476274616e-02
1.950550824839345290e-02
1.342159160736340444e-02
9.117763879215527723e-03
