6.413695421611151914e+00
8.121963996554349308e+00
1.036455422343260935e+01
1.424225071518832486e+01
2.174643978897464436e+01
3.628567426404728025e+01
7.842189840565663417e+01
2.525642422803915679e+02
3.886557876768440110e+03
1.893471409378340127e+02
1.052704216376051072e+01
3.247095424694328880e+00
1.484178187422820594e+00
8.232656152825922335e-01
5.209194334974155405e-01
3.459673983504739092e-01
2.417059223382694022e-01
1.712243989131368160e-01
1.257124108559082576e-01
9.237467822711944998e-02
6.824061389677767153e-02
5.065198095267219730e-02
3.695978076583567723e-02
2.682171859299280897e-02
1.932116685949749127e-02
1.348523465789454312e-02
9.116276769945058644e-03
