6.434931044317645288e+00
8.086827014853714246e+00
1.073518978780415800e+01
1.487802625561740655e+01
2.143860985489471105e+01
3.454792525354152843e+01
7.494825805519641904e+01
2.185996176748202799e+02
1.154144546849803191e+03
5.697790849050054476e+02
1.106502972812988617e+01
3.061404305404821447e+00
1.472554762644595838e+00
8.104322403057381274e-01
5.122087732730747911e-01
3.482212460609959703e-01
2.418435028506222828e-01
1.714212581199911212e-01
1.240552056047017349e-01
9.149608476613797781e-02
6.845321195377723766e-02
5.028062409950576767e-02
3.683626957517664724e-02
2.711632227681206112e-02
1.943044465956307587e-02
1.357053357296779048e-02
9.045289494273649547e-03
