6.424770814039621136e+00
8.059471525854778662e+00
1.080860579015701362e+01
1.474940550814329931e+01
2.135241131653314284e+01
3.522291696627199542e+01
7.562947508731116386e+01
2.183146588255880829e+02
6.864134716131328560e+02
6.946313412423885438e+02
1.139009080196993651e+01
3.944885146482164817e+00
1.478317435376691469e+00
8.516452707390433918e-01
5.141986777736684555e-01
3.442681188135225390e-01
2.381702109154324454e-01
1.742109227771609925e-01
1.263637030705862530e-01
9.328909307763359748e-02
6.743927133543484165e-02
5.074539863441353271e-02
3.708040010718317153e-02
2.682993167553417505e-02
1.928715323983298813e-02
1.350581626889828246e-02
9.150924134414784375e-03
